DSCF1017.JPG:[1768,653,898,484,4]
DSCF1125.JPG:[1141,1325,930,597,6],[942,868,780,481,1],[2353,1191,897,532,2]
DSCF1061.JPG:[511,1620,1374,798,6],[1125,1162,1160,638,2]
DSCF1109.JPG:[1041,800,1215,701,3]
DSCF1097.JPG:[1294,618,1192,662,5]
DSCF1074.JPG:[1091,1212,1804,1081,2]
DSCF1042.JPG:[1960,1640,1075,558,5]
DSCF1070.JPG:[1531,1337,1163,708,2],[1453,907,981,664,6]
DSCF1132.JPG:[170,1627,1394,730,5],[2225,1249,978,557,4],[2749,989,490,249,1]
DSCF1077.JPG:[276,1243,1164,650,6],[1682,1259,1156,657,1]
DSCF1111.JPG:[1826,797,1130,669,6],[644,800,1111,680,2]
DSCF1130.JPG:[1453,1640,849,576,1]
DSCF1122.JPG:[1411,910,1094,591,5]
DSCF1013.JPG:[1240,1689,446,192,1],[1313,1826,468,227,4],[2347,1559,416,238,3],[1888,1797,487,223,5],[1758,1603,485,217,2],[2459,1729,420,224,6]
DSCF1140.JPG:[1654,552,887,337,6]
DSCF1032.JPG:[2324,1069,948,544,6],[86,1145,1058,531,5]
DSCF1090.JPG:[1878,737,747,443,1]
DSCF1101.JPG:[978,1024,985,561,2]
DSCF1023.JPG:[1839,1109,901,545,2]
DSCF1103.JPG:[1149,1815,895,585,5],[1407,470,795,442,6]
DSCF1029.JPG:[112,1613,1271,766,6],[1422,1053,1108,875,2],[2619,717,998,888,1]
DSCF1135.JPG:[1759,1169,654,426,6]
DSCF1129.JPG:[1370,1729,847,563,6]
DSCF1016.JPG:[1052,1776,1129,659,4],[1897,1201,1097,667,6],[2372,616,1006,714,3]
DSCF1099.JPG:[1062,495,1215,638,6]
DSCF1116.JPG:[1495,1404,1075,575,5]
DSCF1066.JPG:[932,1069,832,374,1],[2005,1059,739,381,5]
DSCF1044.JPG:[1433,1139,1005,614,6]
DSCF1038.JPG:[1178,1705,1827,840,2]
DSCF1137.JPG:[1806,1089,1002,539,2]
DSCF1037.JPG:[1224,1676,1502,667,1]
DSCF1048.JPG:[388,1173,735,381,4],[1453,1141,746,349,5],[2472,1055,746,357,3]
DSCF1141.JPG:[1766,627,841,311,2]
DSCF1120.JPG:[1225,1182,1328,770,3]
DSCF1021.JPG:[1946,712,996,587,5]
DSCF1106.JPG:[1202,1030,1176,636,2]
DSCF1105.JPG:[1011,952,1389,828,2]
DSCF1081.JPG:[1448,1227,769,472,4]
DSCF1110.JPG:[1904,743,1178,648,1],[621,690,1270,643,3]
DSCF1094.JPG:[1356,1001,1036,624,4]
DSCF1086.JPG:[735,989,579,306,4]
DSCF1049.JPG:[1666,1149,823,446,5],[434,953,867,441,4],[2692,1319,775,392,3]
DSCF1053.JPG:[879,1480,1085,564,1],[2002,1455,1042,593,6]
DSCF1025.JPG:[931,1510,1312,739,6]
DSCF1015.JPG:[597,1237,1232,963,3],[2026,955,1202,826,6]
DSCF1142.JPG:[1978,1152,925,451,1],[882,1144,981,466,2]
DSCF1088.JPG:[1183,383,884,494,5],[1276,1458,752,433,2]
DSCF1059.JPG:[1213,917,1092,735,2]
DSCF1082.JPG:[2083,561,1000,588,4],[961,532,998,587,5]
DSCF1068.JPG:[2416,1477,1032,572,1],[725,292,1302,522,5]
DSCF1065.JPG:[670,980,876,363,5],[2138,860,823,348,1]
DSCF1133.JPG:[1343,1134,1138,895,1]
DSCF1114.JPG:[1506,1110,1035,573,6]
DSCF1072.JPG:[1838,1402,1110,644,2],[707,1156,991,614,3]
DSCF1104.JPG:[1594,1706,866,523,1],[1647,420,810,435,5]
DSCF1050.JPG:[421,727,870,409,5],[1728,759,840,403,3]
DSCF1056.JPG:[1681,927,1263,662,6],[435,923,1266,661,2]
DSCF1040.JPG:[1402,1733,960,543,1],[406,1757,1064,609,2],[2266,1733,857,520,4]
DSCF1064.JPG:[557,691,989,663,2],[2334,318,898,574,3]
DSCF1092.JPG:[373,1234,942,607,4],[1576,1485,972,561,5],[2444,993,809,532,3]
